18
2
6
10
16
18
21
17
10
12
1
6
10
21
3
1
13
2
10
20
12
16
16
19
11
1
5
1
7
24
17
19
3
11
25
6
23
6
20
6
5
5
10
21
25
9
21
4
12
4
8
12
0
20
0
18
5
18
8
7
16
22
2
25
6
22
0
0
22
4
7
21
0
0
24
0
16
14
21
22
0
15
6
1
19
12
12
20
3
7
21
25
25
1
24
19
25
6
4
25
8
19
14
0
0
10
16
8
19
7
5
24
10
25
6
8
24
13
19
14
2
18
18
14
12
19
21
1
23
22
11
19
3
0
24
7
15
5
5
2
20
20
9
24
1
9
22
2
12
13
4
21
17
13
12
3
14
22
16
9
20
24
20
19
15
10
23
12
20
24
12
20
15
22
3
21
14
24
9
5
4
19
11
6
13
9
3
23
17
18
18
19
16
8
13
15
13
23
16
0
11
12
14
5
18
15
2
10
20
22
10
4
7
18
16
20
20
4
13
21
0
23
13
4
13
18
17
24
5
3
1
8
17
18
22
3
13
12
25
3
22
16
3
7
6
1
10
2
12
22
4
0
9
13
10
5
20
12
12
4
15
14
4
19
2
25
21
21
16
23
17
4
6
5
17
4
23
5
6
5
18
4
3
6
6
23
9
17
22
16
19
9
22
24
8
10
11
5
1
24
15
10
22
5
8
6
5
14
8
18
6
3
1
21
10
20
23
20
25
0
13
17
0
21
23
16
4
16
6
7
23
11
1
21
4
13
24
16
4
23
12
13
4
9
17
18
19
4
1
15
12
10
25
13
6
7
1
6
20
2
5
11
10
22
22
2
2
22
2
4
7
11
22
18
15
15
10
0
18
0
11
3
0
6
24
4
13
25
23
18
3
16
14
3
22
0
21
22
15
4
12
20
9
3
19
6
2
9
10
22
14
15
11
19
0
9
24
5
10
23
9
25
21
8
3
18
13
4
19
23
17
21
14
13
18
19
17
19
24
2
2
10
25
8
0
2
10
16
2
11
12
14
15
4
25
20
10
17
14
15
12
16
19
21
2
24
19
25
8
25
25
3
7
7
1
20
24
23
22
24
7
3
2
8
23
10
2
12
2
21
11
16
10
12
21
16
13
1
19
10
19
18
1
8
14
23
20
0
10
10
10
18
1
15
25
13
13
9
10
5
3
4
19
2
2
6
18
13
5
15
4
5
13
16
6
22
15
21
19
25
2
11
24
2
4
0
23
14
24
25
3
22
12
17
20
8
24
0
14
22
16
1
1
1
3
9
5
12
19
25
9
16
12
0
11
3
22
11
3
6
9
2
20
4
20
25
9
13
3
17
7
17
8
21
11
11
12
6
18
8
2
5
2
11
23
11
8
2
8
16
7
13
7
7
18
11
8
3
2
23
18
25
4
5
13
12
6
16
6
5
10
9
24
13
20
24
9
12
21
23
24
4
4
2
13
13
2
1
22
10
22
16
24
19
3
5
6
9
12
0
8
14
6
23
17
20
15
21
20
16
0
2
5
24
12
18
22
14
18
17
10
16
4
9
1
12
2
18
11
2
5
4
12
14
23
21
6
23
20
0
10
3
11
4
14
7
24
0
18
11
14
0
12
5
25
8
20
10
1
17
9
3
18
7
20
5
8
0
15
19
17
13
24
15
22
3
1
18
20
15
7
20
11
2
20
12
13
4
4
1
1
18
10
17
5
23
22
10
11
25
12
1
25
14
20
10
25
5
1
5
5
13
23
5
13
18
2
0
6
3
8
16
6
12
11
10
21
18
21
1
19
17
12
15
4
11
21
12
25
10
2
25
3
21
9
25
4
3
21
4
15
17
10
23
22
21
14
2
9
19
14
15
11
14
10
9
19
22
12
12
0
14
0
6
9
20
19
11
7
22
1
22
17
15
5
18
19
7
13
0
0
22
5
16
1
15
23
7
8
19
6
15
19
19
14
16
2
24
7
13
22
15
17
21
14
5
15
21
3
9
1
10
0
19
8
21
23
4
0
13
25
12
22
18
22
23
1
23
1
3
20
3
20
1
16
0
13
15
25
23
1
6
12
12
24
1
0
17
3
12
23
0
4
9
14
3
17
24
7
3
1
3
14
25
3
21
25
11
23
9
25
19
21
19
8
22
24
0
13
16
17
14
14
24
8
13
1
0
21
6
8
4
4
22
3
8
12
10
22
18
3
20
15
5
20
23
14
24
15
9
20
9
3
10
13
16
3
14
19
5
6
25
0
17
6
12
5
12
17
9
